

wavelength(nm), Y
1557.36, 0.39526
1557.36, 0.389761
1557.35, 0.378932
1557.34, 0.362863
1557.33, 0.341754
1557.32, 0.316028
1557.31, 0.286415
1557.31, 0.253978
1557.3, 0.220049
1557.29, 0.186093
1557.28, 0.153512
1557.27, 0.123473
1557.27, 0.0967856
1557.26, 0.0738723
1557.25, 0.0548087
1557.24, 0.0394071
1557.23, 0.0273132
1557.23, 0.0180895
1557.22, 0.0112793
1557.21, 0.00644649
1557.2, 0.00319674
1557.19, 0.0011855
1557.19, 0.000116949
1557.18, -0.000261873
1557.17, -0.000169449
1557.16, 0.000200818
1557.15, 0.000670907
1557.15, 0.00106847
1557.14, 0.00121717
1557.13, 0.000926946
1557.12, -1.56245e-05
1557.11, -0.00185685
1557.1, -0.00488451
1557.1, -0.00943432
1557.09, -0.0158919
1557.08, -0.024687
1557.07, -0.0362747
1557.06, -0.0510994
1557.06, -0.0695354
1557.05, -0.0918064
1557.04, -0.11789
1557.03, -0.14743
1557.02, -0.179685
1557.02, -0.213544
1557.01, -0.247635
1557, -0.280488
1556.99, -0.310734
1556.98, -0.337255
1556.98, -0.359263
1556.97, -0.376289
1556.96, -0.388107
1556.95, -0.394623
1556.94, -0.395776
1556.93, -0.391452
1556.93, -0.381439
1556.92, -0.365419
1556.91, -0.343001
1556.9, -0.313793
1556.89, -0.277521
1556.89, -0.234164
1556.88, -0.184104
1556.87, -0.128239
1556.86, -0.0680186
1556.85, -0.00536893
1556.85, 0.0574915
1556.84, 0.118317
1556.83, 0.175105
1556.82, 0.226303
1556.81, 0.270906
1556.81, 0.308436
1556.8, 0.338848
1556.79, 0.362379
1556.78, 0.379407
1556.77, 0.39033
1556.76, 0.395485
1556.76, 0.395107
1556.75, 0.389329
1556.74, 0.378227
1556.73, 0.361889
1556.72, 0.340528
1556.72, 0.314579
1556.71, 0.284791
1556.7, 0.252242
1556.69, 0.218275
1556.68, 0.184357
1556.68, 0.151883
1556.67, 0.122001
1556.66, 0.095502
1556.65, 0.0727892
1556.64, 0.053922
1556.64, 0.0387018
1556.63, 0.0267679
1556.62, 0.0176807
1556.61, 0.0109835
1556.6, 0.00624212
1556.6, 0.00306467
1556.59, 0.00110922
1556.58, 8.23416e-05
1556.57, -0.000266912
1556.56, -0.000155489
1556.55, 0.000224247
1556.55, 0.000694807
1556.54, 0.00108387
1556.53, 0.00121463
1556.52, 0.000896056
1556.51, -8.67592e-05
1556.51, -0.00198207
1556.5, -0.00508002
1556.49, -0.00971891
1556.48, -0.0162869
1556.47, -0.0252156
1556.47, -0.0369606
1556.46, -0.0519644
1556.45, -0.0705956
1556.44, -0.0930676
1556.43, -0.119343
1556.43, -0.149045
1556.42, -0.181413
1556.41, -0.21532
1556.4, -0.249382
1556.39, -0.282132
1556.39, -0.31221
1556.38, -0.338513
1556.37, -0.360272
1556.36, -0.377032
1556.35, -0.388576
1556.34, -0.394815
1556.34, -0.395688
1556.33, -0.391075
1556.32, -0.380759
1556.31, -0.364417
1556.3, -0.341655
1556.3, -0.312086
1556.29, -0.275444
1556.28, -0.231726
1556.27, -0.181338
1556.26, -0.125207
1556.26, -0.0648094
1556.25, -0.00209284
1556.24, 0.0607162
1556.23, 0.121378
1556.22, 0.17791
1556.22, 0.228786
1556.21, 0.273029
1556.2, 0.310188
1556.19, 0.340236
1556.18, 0.363419
1556.18, 0.38012
1556.17, 0.390737
1556.16, 0.3956
1556.15, 0.394939
1556.14, 0.388884
1556.13, 0.377507
1556.13, 0.360902
1556.12, 0.339289
1556.11, 0.31312
1556.1, 0.28316
1556.09, 0.250502
1556.09, 0.216501
1556.08, 0.182625
1556.07, 0.15026
1556.06, 0.120538
1556.05, 0.0942285
1556.05, 0.0717165
1556.04, 0.0530452
1556.03, 0.0380054
1556.02, 0.0262304
1556.01, 0.0172783
1556.01, 0.010693
1556, 0.00604195
1555.99, 0.00293588
1555.98, 0.00103543
1555.97, 4.95512e-05
1555.97, -0.000270716
1555.96, -0.000140809
1555.95, 0.000247919
1555.94, 0.000718487
1555.93, 0.00109858
1555.92, 0.00121089
1555.92, 0.000863385
1555.91, -0.000160341
1555.9, -0.00211052
1555.89, -0.00527967
1555.88, -0.0100087
1555.88, -0.0166882
1555.87, -0.0257517
1555.86, -0.0376554
1555.85, -0.0528392
1555.84, -0.0716662
1555.84, -0.094339
1555.83, -0.120804
1555.82, -0.150667
1555.81, -0.183145
1555.8, -0.217096
1555.8, -0.251126
1555.79, -0.28377
1555.78, -0.313675
1555.77, -0.339759
1555.76, -0.361267
1555.76, -0.37776
1555.75, -0.389031
1555.74, -0.394993
1555.73, -0.395585
1555.72, -0.390682
1555.71, -0.380062
1555.71, -0.363397
1555.7, -0.340291
1555.69, -0.31036
1555.68, -0.273348
1555.67, -0.22927
1555.67, -0.178556
1555.66, -0.122163
1555.65, -0.0615939
1555.64, 0.00118352
1555.63, 0.0639351
1555.63, 0.124429
1555.62, 0.1807
1555.61, 0.231251
1555.6, 0.275133
1555.59, 0.311921
1555.59, 0.341604
1555.58, 0.364441
1555.57, 0.380818
1555.56, 0.391128
1555.55, 0.3957
1555.55, 0.394757
1555.54, 0.388424
1555.53, 0.376772
1555.52, 0.359901
1555.51, 0.338038
1555.5, 0.311651
1555.5, 0.281521
1555.49, 0.248758
1555.48, 0.214728
1555.47, 0.180898
1555.46, 0.148645
1555.46, 0.119084
1555.45, 0.0929654
1555.44, 0.0706541
1555.43, 0.0521781
1555.42, 0.0373178
1555.42, 0.0257004
1555.41, 0.0168823
1555.4, 0.0104077
1555.39, 0.00584593
1555.38, 0.00281032
1555.38, 0.000964088
1555.37, 1.85452e-05
1555.36, -0.000273314
1555.35, -0.000125436
1555.34, 0.000271811
1555.34, 0.000741926
1555.33, 0.00111257
1555.32, 0.00120592
1555.31, 0.000828902
1555.3, -0.000236408
1555.3, -0.00224224
1555.29, -0.00548351
1555.28, -0.0103037
1555.27, -0.017096
1555.26, -0.0262956
1555.25, -0.0383589
1555.25, -0.0537239
1555.24, -0.0727472
1555.23, -0.0956207
1555.22, -0.122275
1555.21, -0.152297
1555.21, -0.184882
1555.2, -0.218872
1555.19, -0.252867
1555.18, -0.285399
1555.17, -0.315131
1555.17, -0.340992
1555.16, -0.362249
1555.15, -0.378475
1555.14, -0.389471
1555.13, -0.395157
1555.13, -0.395467
1555.12, -0.390274
1555.11, -0.379349
1555.1, -0.36236
1555.09, -0.338909
1555.09, -0.308615
1555.08, -0.271233
1555.07, -0.226796
1555.06, -0.17576
1555.05, -0.119108
1555.04, -0.0583724
1555.04, 0.0044598
1555.03, 0.0671479
1555.02, 0.127467
1555.01, 0.183474
1555, 0.233697
1555, 0.277218
1554.99, 0.313635
1554.98, 0.342955
1554.97, 0.365446
1554.96, 0.381499
1554.96, 0.391504
1554.95, 0.395785
1554.94, 0.39456
1554.93, 0.387949
1554.92, 0.376024
1554.92, 0.358886
1554.91, 0.336775
1554.9, 0.310171
1554.89, 0.279875
1554.88, 0.247011
1554.88, 0.212955
1554.87, 0.179175
1554.86, 0.147036
1554.85, 0.117639
1554.84, 0.0917126
1554.84, 0.0696022
1554.83, 0.0513209
1554.82, 0.0366389
1554.81, 0.025178
1554.8, 0.0164926
1554.79, 0.0101275
1554.79, 0.00565401
1554.78, 0.00268796
1554.77, 0.000895166
1554.76, -1.07085e-05
1554.75, -0.000274733
1554.75, -0.000109395
1554.74, 0.000295898
1554.73, 0.000765097
1554.72, 0.00112582
1554.71, 0.00119968
1554.71, 0.000792573
1554.7, -0.000314996
1554.69, -0.00237728
1554.68, -0.00569158
1554.67, -0.010604
1554.67, -0.0175102
1554.66, -0.0268471
1554.65, -0.0390714
1554.64, -0.0546184
1554.63, -0.0738387
1554.63, -0.0969127
1554.62, -0.123756
1554.61, -0.153933
1554.6, -0.186622
1554.59, -0.220649
1554.59, -0.254603
1554.58, -0.287021
1554.57, -0.316576
1554.56, -0.342213
1554.55, -0.363217
1554.55, -0.379175
1554.54, -0.389897
1554.53, -0.395306
1554.52, -0.395334
1554.51, -0.389851
1554.5, -0.37862
1554.5, -0.361306
1554.49, -0.337509
1554.48, -0.306851
1554.47, -0.269099
1554.46, -0.224304
1554.46, -0.172947
1554.45, -0.116042
1554.44, -0.0551452
1554.43, 0.00773569
1554.42, 0.0703542
1554.42, 0.130494
1554.41, 0.186232
1554.4, 0.236126
1554.39, 0.279283
1554.38, 0.315329
1554.38, 0.344286
1554.37, 0.366434
1554.36, 0.382163
1554.35, 0.391865
1554.34, 0.395856
1554.34, 0.394349
1554.33, 0.387461
1554.32, 0.375262
1554.31, 0.357859
1554.3, 0.3355
1554.3, 0.308682
1554.29, 0.278222
1554.28, 0.245261
1554.27, 0.211183
1554.26, 0.177456
1554.25, 0.145436
1554.25, 0.116204
1554.24, 0.0904702
1554.23, 0.0685606
1554.22, 0.0504734
1554.21, 0.0359687
1554.21, 0.024663
1554.2, 0.0161091
1554.19, 0.00985235
1554.18, 0.00546613
1554.17, 0.00256874
1554.17, 0.000828622
1554.16, -3.82415e-05
1554.15, -0.000275002
1554.14, -9.27101e-05
1554.13, 0.000320156
1554.13, 0.000787979
1554.12, 0.0011383
1554.11, 0.00119216
1554.1, 0.000754366
1554.09, -0.000396146
1554.09, -0.00251567
1554.08, -0.00590395
1554.07, -0.0109097
1554.06, -0.0179309
1554.05, -0.0274064
1554.05, -0.0397928
1554.04, -0.0555229
1554.03, -0.0749405
1554.02, -0.0982149
1554.01, -0.125245
1554.01, -0.155576
1554, -0.188366
1553.99, -0.222425
1553.98, -0.256335
1553.97, -0.288636
1553.96, -0.31801
1553.96, -0.343422
1553.95, -0.364171
1553.94, -0.379861
1553.93, -0.390309
1553.92, -0.39544
1553.92, -0.395187
1553.91, -0.389412
1553.9, -0.377875
1553.89, -0.360234
1553.88, -0.33609
1553.88, -0.305068
1553.87, -0.266946
1553.86, -0.221794
1553.85, -0.17012
1553.84, -0.112964
1553.84, -0.0519126
1553.83, 0.0110109
1553.82, 0.0735538
1553.81, 0.133509
1553.8, 0.188975
1553.8, 0.238536
1553.79, 0.28133
1553.78, 0.317004
1553.77, 0.3456
1553.76, 0.367405
1553.76, 0.382812
1553.75, 0.39221
1553.74, 0.395911
1553.73, 0.394123
1553.72, 0.386958
1553.72, 0.374486
1553.71, 0.356817
1553.7, 0.334212
1553.69, 0.307182
1553.68, 0.276562
1553.67, 0.243507
1553.67, 0.209412
1553.66, 0.175742
1553.65, 0.143843
1553.64, 0.114778
1553.63, 0.0892381
1553.63, 0.0675293
1553.62, 0.0496355
1553.61, 0.0353071
1553.6, 0.0241555
1553.59, 0.0157318
1553.59, 0.00958226
1553.58, 0.00528224
1553.57, 0.00245263
1553.56, 0.00076442
1553.55, -6.40855e-05
1553.55, -0.000274147
1553.54, -7.54079e-05
1553.53, 0.000344561
1553.52, 0.000810545
1553.51, 0.00114999
1553.51, 0.00118332
1553.5, 0.000714249
1553.49, -0.000479894
1553.48, -0.00265747
1553.47, -0.00612066
1553.47, -0.0112208
1553.46, -0.0183583
1553.45, -0.0279736
1553.44, -0.0405232
1553.43, -0.0564373
1553.43, -0.0760528
1553.42, -0.0995273
1553.41, -0.126743
1553.4, -0.157226
1553.39, -0.190114
1553.39, -0.224201
1553.38, -0.258063
1553.37, -0.290242
1553.36, -0.319433
1553.35, -0.344618
1553.34, -0.365112
1553.34, -0.380533
1553.33, -0.390706
1553.32, -0.395561
1553.31, -0.395025
1553.3, -0.388957
1553.3, -0.377113
1553.29, -0.359145
1553.28, -0.334652
1553.27, -0.303266
1553.26, -0.264774
1553.26, -0.219267
1553.25, -0.167278
1553.24, -0.109877
1553.23, -0.0486749
1553.22, 0.014285
1553.22, 0.0767463
1553.21, 0.136512
1553.2, 0.191701
1553.19, 0.240928
1553.18, 0.283357
1553.18, 0.31866
1553.17, 0.346895
1553.16, 0.368358
1553.15, 0.383444
1553.14, 0.39254
1553.14, 0.395952
1553.13, 0.393883
1553.12, 0.386441
1553.11, 0.373695
1553.1, 0.355763
1553.1, 0.332913
1553.09, 0.305673
1553.08, 0.274895
1553.07, 0.241751
1553.06, 0.207642
1553.06, 0.174033
1553.05, 0.142257
1553.04, 0.113362
1553.03, 0.0880164
1553.02, 0.0665084
1553.01, 0.0488073
1553.01, 0.0346541
1553, 0.0236553
1552.99, 0.0153606
1552.98, 0.00931714
1552.97, 0.00510231
1552.97, 0.00233958
1552.96, 0.000702523
1552.95, -8.82716e-05
1552.94, -0.000272197
1552.93, -5.75128e-05
1552.93, 0.00036909
1552.92, 0.000832772
1552.91, 0.00116085
1552.9, 0.00117313
1552.89, 0.000672188
1552.89, -0.00056628
1552.88, -0.00280272
1552.87, -0.00634176
1552.86, -0.0115373
1552.85, -0.0187923
1552.85, -0.0285486
1552.84, -0.0412628
1552.83, -0.0573617
1552.82, -0.0771756
1552.81, -0.10085
1552.81, -0.12825
1552.8, -0.158882
1552.79, -0.191865
1552.78, -0.225976
1552.77, -0.259786
1552.77, -0.29184
1552.76, -0.320846
1552.75, -0.345801
1552.74, -0.366039
1552.73, -0.381191
1552.73, -0.391089
1552.72, -0.395666
1552.71, -0.394848
1552.7, -0.388488
1552.69, -0.376335
1552.69, -0.358038
1552.68, -0.333196
1552.67, -0.301444
1552.66, -0.262583
1552.65, -0.216722
1552.64, -0.164421
1552.64, -0.106779
1552.63, -0.0454324
1552.62, 0.0175578
1552.61, 0.0799315
1552.6, 0.139502
1552.6, 0.194412
1552.59, 0.243301
1552.58, 0.285365
1552.57, 0.320297
1552.56, 0.348172
1552.56, 0.369294
1552.55, 0.38406
1552.54, 0.392854
1552.53, 0.395979
1552.52, 0.393628
1552.52, 0.385909
1552.51, 0.372891
1552.5, 0.354695
1552.49, 0.331602
1552.48, 0.304155
1552.48, 0.273222
1552.47, 0.239993
1552.46, 0.205874
1552.45, 0.172328
1552.44, 0.14068
1552.44, 0.111956
1552.43, 0.0868051
1552.42, 0.0654978
1552.41, 0.0479887
1552.4, 0.0340096
1552.4, 0.0231624
1552.39, 0.0149955
1552.38, 0.00905692
1552.37, 0.00492627
1552.36, 0.00222955
1552.36, 0.000642895
1552.35, -0.000110831
1552.34, -0.000269179
1552.33, -3.90499e-05
1552.32, 0.000393718
1552.32, 0.000854636
1552.31, 0.00117087
1552.3, 0.00116157
1552.29, 0.000628149
1552.28, -0.000655342
1552.28, -0.00295147
1552.27, -0.00656731
1552.26, -0.0118594
1552.25, -0.0192331
1552.24, -0.0291316
1552.23, -0.0420114
1552.23, -0.0582962
1552.22, -0.0783088
1552.21, -0.102183
1552.2, -0.129766
1552.19, -0.160545
1552.19, -0.193619
1552.18, -0.227751
1552.17, -0.261504
1552.16, -0.29343
1552.15, -0.322247
1552.15, -0.346971
1552.14, -0.366953
1552.13, -0.381834
1552.12, -0.391458
1552.11, -0.395757
1552.11, -0.394656
1552.1, -0.388002
1552.09, -0.37554
1552.08, -0.356914
1552.07, -0.331721
1552.07, -0.299603
1552.06, -0.260373
1552.05, -0.21416
1552.04, -0.16155
1552.03, -0.10367
1552.03, -0.0421855
1552.02, 0.0208289
1552.01, 0.0831091
1552, 0.14248
1551.99, 0.197106
1551.99, 0.245656
1551.98, 0.287353
1551.97, 0.321915
1551.96, 0.349431
1551.95, 0.370213
1551.95, 0.38466
1551.94, 0.393154
1551.93, 0.39599
1551.92, 0.393359
1551.91, 0.385363
1551.91, 0.372073
1551.9, 0.353614
1551.89, 0.330279
1551.88, 0.302626
1551.87, 0.271543
1551.87, 0.238231
1551.86, 0.204107
1551.85, 0.170629
1551.84, 0.13911
1551.83, 0.110559
1551.83, 0.0856043
1551.82, 0.0644975
1551.81, 0.0471796
1551.8, 0.0333735
1551.79, 0.0226767
1551.79, 0.0146363
1551.78, 0.00880157
1551.77, 0.00475408
1551.76, 0.0021225
1551.75, 0.000585501
1551.74, -0.000131794
1551.74, -0.000265119
1551.73, -2.0044e-05
1551.72, 0.000418422
1551.71, 0.000876112
1551.7, 0.00118002
1551.7, 0.0011486
1551.69, 0.000582099
1551.68, -0.000747121
1551.67, -0.00310376
1551.66, -0.00679737
1551.66, -0.0121871
1551.65, -0.0196806
1551.64, -0.0297227
1551.63, -0.0427693
1551.62, -0.0592408
1551.62, -0.0794525
1551.61, -0.103525
1551.6, -0.13129
1551.59, -0.162214
1551.58, -0.195375
1551.58, -0.229524
1551.57, -0.263218
1551.56, -0.295012
1551.55, -0.323638
1551.54, -0.348129
1551.54, -0.367852
1551.53, -0.382464
1551.52, -0.391813
1551.51, -0.395834
1551.5, -0.394449
1551.5, -0.387501
1551.49, -0.374729
1551.48, -0.355772
1551.47, -0.330227
1551.46, -0.297743
1551.46, -0.258144
1551.45, -0.21158
1551.44, -0.158664
1551.43, -0.100552
1551.42, -0.0389344
1551.42, 0.024098
1551.41, 0.0862788
1551.4, 0.145445
1551.39, 0.199783
1551.38, 0.247993
1551.38, 0.289323
1551.37, 0.323514
1551.36, 0.350672
1551.35, 0.371115
1551.34, 0.385245
1551.34, 0.393438
1551.33, 0.395987
1551.32, 0.393076
1551.31, 0.384803
1551.3, 0.37124
1551.3, 0.352519
1551.29, 0.328944
1551.28, 0.301089
1551.27, 0.269858
1551.26, 0.236468
1551.26, 0.202342
1551.25, 0.168935
1551.24, 0.137549
1551.23, 0.109172
1551.22, 0.0844138
1551.21, 0.0635074
1551.21, 0.04638
1551.2, 0.0327458
1551.19, 0.0221981
1551.18, 0.0142831
1551.17, 0.00855102
1551.17, 0.0045857
1551.16, 0.00201838
1551.15, 0.000530304
1551.14, -0.000151192
1551.13, -0.000260045
1551.13, -5.19908e-07
1551.12, 0.000443176
1551.11, 0.000897176
1551.1, 0.00118826
1551.09, 0.0011342
1551.09, 0.000534004
1551.08, -0.000841655
1551.07, -0.00325963
1551.06, -0.00703198
1551.05, -0.0125205
1551.05, -0.020135
1551.04, -0.0303218
1551.03, -0.0435364
1551.02, -0.0601955
1551.01, -0.0806067
1551.01, -0.104878
1551, -0.132823
1550.99, -0.163889
1550.98, -0.197135
1550.97, -0.231296
1550.97, -0.264926
1550.96, -0.296585
1550.95, -0.325017
1550.94, -0.349274
1550.93, -0.368738
1550.93, -0.383079
1550.92, -0.392153
1550.91, -0.395896
1550.9, -0.394227
1550.89, -0.386985
1550.89, -0.3739
1550.88, -0.354612
1550.87, -0.328715
1550.86, -0.295864
1550.85, -0.255896
1550.85, -0.208983
1550.84, -0.155764
1550.83, -0.0974249
1550.82, -0.0356794
1550.81, 0.0273648
1550.81, 0.0894403
1550.8, 0.148396
1550.79, 0.202444
1550.78, 0.25031
1550.77, 0.291273
1550.77, 0.325094
1550.76, 0.351894
1550.75, 0.372
1550.74, 0.385813
1550.73, 0.393707
1550.73, 0.395969
1550.72, 0.392778
1550.71, 0.384229
1550.7, 0.370394
1550.69, 0.351412
1550.69, 0.327597
1550.68, 0.299542
1550.67, 0.268167
1550.66, 0.234703
1550.65, 0.200579
1550.65, 0.167247
1550.64, 0.135996
1550.63, 0.107795
1550.62, 0.0832338
1550.61, 0.0625275
1550.61, 0.0455898
1550.6, 0.0321265
1550.59, 0.0217267
1550.58, 0.0139358
1550.57, 0.00830521
1550.57, 0.00442106
1550.56, 0.00191716
1550.55, 0.000477271
1550.54, -0.000169056
1550.53, -0.000253985
1550.52, 1.94977e-05
1550.52, 0.000467959
1550.51, 0.000917803
1550.5, 0.00119558
1550.49, 0.00111833
1550.48, 0.00048383
1550.48, -0.000938986
1550.47, -0.00341914
1550.46, -0.0072712
1550.45, -0.0128595
1550.44, -0.0205963
1550.44, -0.0309292
1550.43, -0.0443128
1550.42, -0.0611603
1550.41, -0.0817712
1550.4, -0.106241
1550.4, -0.134365
1550.39, -0.16557
1550.38, -0.198897
1550.37, -0.233067
1550.36, -0.266629
1550.36, -0.298149
1550.35, -0.326385
1550.34, -0.350405
1550.33, -0.36961
1550.32, -0.38368
1550.32, -0.392479
1550.31, -0.395943
1550.3, -0.39399
1550.29, -0.386452
1550.28, -0.373056
1550.28, -0.353434
1550.27, -0.327184
1550.26, -0.293965
1550.25, -0.253629
1550.24, -0.206369
1550.24, -0.15285
1550.23, -0.0942881
1550.22, -0.0324209
1550.21, 0.030629
1550.2, 0.0925933
1550.2, 0.151335
1550.19, 0.205088
1550.18, 0.252609
1550.17, 0.293203
1550.16, 0.326655
1550.16, 0.353099
1550.15, 0.372868
1550.14, 0.386365
1550.13, 0.393961
1550.12, 0.395936
1550.12, 0.392465
1550.11, 0.383641
1550.1, 0.369534
1550.09, 0.350291
1550.08, 0.32624
1550.08, 0.297986
1550.07, 0.266471
1550.06, 0.232936
1550.05, 0.198817
1550.04, 0.165565
1550.04, 0.134451
1550.03, 0.106428
1550.02, 0.0820643
1550.01, 0.0615578
1550, 0.044809
1550, 0.0315153
1549.99, 0.0212622
1549.98, 0.0135943
1549.97, 0.00806409
1549.96, 0.00426013
1549.96, 0.0018188
1549.95, 0.000426365
1549.94, -0.000185414
1549.93, -0.000246963
1549.92, 3.99842e-05
1549.92, 0.000492745
1549.91, 0.000937969
1549.9, 0.00120196
1549.89, 0.00110097
1549.88, 0.000431543
1549.88, -0.00103915
1549.87, -0.00358233
1549.86, -0.00751508
1549.85, -0.0132044
1549.84, -0.0210647
1549.84, -0.0315447
1549.83, -0.0450985
1549.82, -0.0621353
1549.81, -0.0829463
1549.8, -0.107613
1549.8, -0.135915
1549.79, -0.167257
1549.78, -0.200661
1549.77, -0.234836
1549.76, -0.268327
1549.76, -0.299704
1549.75, -0.327742
1549.74, -0.351524
1549.73, -0.370468
1549.72, -0.384267
1549.72, -0.39279
1549.71, -0.395976
1549.7, -0.393738
1549.69, -0.385904
1549.68, -0.372194
1549.68, -0.352238
1549.67, -0.325634
1549.66, -0.292047
1549.65, -0.251344
1549.64, -0.203738
1549.64, -0.149923
1549.63, -0.0911424
1549.62, -0.0291592
1549.61, 0.0338902
1549.6, 0.0957375
1549.6, 0.154259
1549.59, 0.207715
1549.58, 0.25489
1549.57, 0.295115
1549.56, 0.328197
1549.56, 0.354285
1549.55, 0.373719
1549.54, 0.386901
1549.53, 0.3942
1549.52, 0.395889
1549.52, 0.392139
1549.51, 0.383038
1549.5, 0.36866
1549.49, 0.349158
1549.48, 0.32487
1549.48, 0.296422
1549.47, 0.264768
1549.46, 0.231167
1549.45, 0.197059
1549.44, 0.163888
1549.44, 0.132914
1549.43, 0.105071
1549.42, 0.0809052
1549.41, 0.0605983
1549.4, 0.0440375
1549.4, 0.0309124
1549.39, 0.0208047
1549.38, 0.0132585
1549.37, 0.00782761
1549.36, 0.00410285
1549.36, 0.00172324
1549.35, 0.000377552
1549.34, -0.000200297
1549.33, -0.000239008
1549.32, 6.09149e-05


