

wavelength(nm), Y
1557.36, 0.750962
1557.36, 0.755631
1557.35, 0.759968
1557.34, 0.763971
1557.33, 0.767639
1557.32, 0.770969
1557.31, 0.773961
1557.31, 0.776612
1557.3, 0.778923
1557.29, 0.780891
1557.28, 0.782517
1557.27, 0.783799
1557.27, 0.784736
1557.26, 0.785329
1557.25, 0.785577
1557.24, 0.78548
1557.23, 0.785037
1557.23, 0.78425
1557.22, 0.783119
1557.21, 0.781643
1557.2, 0.779824
1557.19, 0.777663
1557.19, 0.77516
1557.18, 0.772317
1557.17, 0.769134
1557.16, 0.765614
1557.15, 0.761757
1557.15, 0.757565
1557.14, 0.753041
1557.13, 0.748186
1557.12, 0.743003
1557.11, 0.737493
1557.1, 0.731659
1557.1, 0.725504
1557.09, 0.71903
1557.08, 0.71224
1557.07, 0.705138
1557.06, 0.697726
1557.06, 0.690007
1557.05, 0.681985
1557.04, 0.673664
1557.03, 0.665046
1557.02, 0.656137
1557.02, 0.646939
1557.01, 0.637458
1557, 0.627696
1556.99, 0.617658
1556.98, 0.60735
1556.98, 0.596774
1556.97, 0.585937
1556.96, 0.574842
1556.95, 0.563494
1556.94, 0.551899
1556.93, 0.540062
1556.93, 0.527987
1556.92, 0.51568
1556.91, 0.503147
1556.9, 0.490393
1556.89, 0.477424
1556.89, 0.464244
1556.88, 0.450861
1556.87, 0.43728
1556.86, 0.423507
1556.85, 0.409548
1556.85, 0.395409
1556.84, 0.381096
1556.83, 0.366616
1556.82, 0.351974
1556.81, 0.337179
1556.81, 0.322235
1556.8, 0.307149
1556.79, 0.291929
1556.78, 0.27658
1556.77, 0.26111
1556.76, 0.245525
1556.76, 0.229833
1556.75, 0.214039
1556.74, 0.198152
1556.73, 0.182177
1556.72, 0.166122
1556.72, 0.149995
1556.71, 0.133801
1556.7, 0.117549
1556.69, 0.101245
1556.68, 0.0848967
1556.68, 0.068511
1556.67, 0.0520952
1556.66, 0.0356566
1556.65, 0.0192023
1556.64, 0.00273955
1556.64, -0.0137244
1556.63, -0.0301823
1556.62, -0.046627
1556.61, -0.0630511
1556.6, -0.0794476
1556.6, -0.0958092
1556.59, -0.112129
1556.58, -0.128399
1556.57, -0.144613
1556.56, -0.160763
1556.55, -0.176843
1556.55, -0.192845
1556.54, -0.208762
1556.53, -0.224588
1556.52, -0.240315
1556.51, -0.255936
1556.51, -0.271445
1556.5, -0.286835
1556.49, -0.302099
1556.48, -0.31723
1556.47, -0.332222
1556.47, -0.347068
1556.46, -0.361761
1556.45, -0.376295
1556.44, -0.390665
1556.43, -0.404862
1556.43, -0.418882
1556.42, -0.432718
1556.41, -0.446364
1556.4, -0.459813
1556.39, -0.473061
1556.39, -0.486101
1556.38, -0.498927
1556.37, -0.511534
1556.36, -0.523917
1556.35, -0.536069
1556.34, -0.547986
1556.34, -0.559663
1556.33, -0.571093
1556.32, -0.582273
1556.31, -0.593197
1556.3, -0.60386
1556.3, -0.614258
1556.29, -0.624386
1556.28, -0.63424
1556.27, -0.643815
1556.26, -0.653108
1556.26, -0.662114
1556.25, -0.670829
1556.24, -0.679249
1556.23, -0.687371
1556.22, -0.695191
1556.22, -0.702705
1556.21, -0.709911
1556.2, -0.716806
1556.19, -0.723385
1556.18, -0.729646
1556.18, -0.735587
1556.17, -0.741205
1556.16, -0.746498
1556.15, -0.751462
1556.14, -0.756097
1556.13, -0.760399
1556.13, -0.764367
1556.12, -0.768
1556.11, -0.771295
1556.1, -0.774252
1556.09, -0.776868
1556.09, -0.779143
1556.08, -0.781076
1556.07, -0.782666
1556.06, -0.783912
1556.05, -0.784814
1556.05, -0.785371
1556.04, -0.785583
1556.03, -0.78545
1556.02, -0.784972
1556.01, -0.784149
1556.01, -0.782982
1556, -0.78147
1555.99, -0.779616
1555.98, -0.777419
1555.97, -0.774881
1555.97, -0.772002
1555.96, -0.768784
1555.95, -0.765229
1555.94, -0.761337
1555.93, -0.757111
1555.92, -0.752553
1555.92, -0.747664
1555.91, -0.742446
1555.9, -0.736903
1555.89, -0.731035
1555.88, -0.724847
1555.88, -0.71834
1555.87, -0.711518
1555.86, -0.704383
1555.85, -0.696939
1555.84, -0.689188
1555.84, -0.681135
1555.83, -0.672783
1555.82, -0.664135
1555.81, -0.655196
1555.8, -0.645969
1555.8, -0.636458
1555.79, -0.626667
1555.78, -0.616601
1555.77, -0.606265
1555.76, -0.595662
1555.76, -0.584797
1555.75, -0.573676
1555.74, -0.562302
1555.73, -0.550682
1555.72, -0.538819
1555.71, -0.526721
1555.71, -0.51439
1555.7, -0.501834
1555.69, -0.489057
1555.68, -0.476066
1555.67, -0.462865
1555.67, -0.449461
1555.66, -0.43586
1555.65, -0.422067
1555.64, -0.408089
1555.63, -0.393931
1555.63, -0.379601
1555.62, -0.365104
1555.61, -0.350446
1555.6, -0.335635
1555.59, -0.320676
1555.59, -0.305576
1555.58, -0.290342
1555.57, -0.27498
1555.56, -0.259498
1555.55, -0.243902
1555.55, -0.228198
1555.54, -0.212395
1555.53, -0.196498
1555.52, -0.180515
1555.51, -0.164452
1555.5, -0.148317
1555.5, -0.132117
1555.49, -0.115859
1555.48, -0.0995505
1555.47, -0.0831979
1555.46, -0.0668088
1555.46, -0.0503903
1555.45, -0.0339497
1555.44, -0.0174942
1555.43, -0.001031
1555.42, 0.0154326
1555.42, 0.0318895
1555.41, 0.0483324
1555.4, 0.064754
1555.39, 0.0811472
1555.38, 0.0975048
1555.38, 0.113819
1555.37, 0.130084
1555.36, 0.146292
1555.35, 0.162435
1555.34, 0.178507
1555.34, 0.194501
1555.33, 0.210409
1555.32, 0.226225
1555.31, 0.241941
1555.3, 0.257551
1555.3, 0.273048
1555.29, 0.288425
1555.28, 0.303675
1555.27, 0.318792
1555.26, 0.333769
1555.25, 0.3486
1555.25, 0.363277
1555.24, 0.377794
1555.23, 0.392146
1555.22, 0.406325
1555.21, 0.420326
1555.21, 0.434143
1555.2, 0.447768
1555.19, 0.461197
1555.18, 0.474424
1555.17, 0.487442
1555.17, 0.500246
1555.16, 0.51283
1555.15, 0.525189
1555.14, 0.537317
1555.13, 0.549209
1555.13, 0.56086
1555.12, 0.572265
1555.11, 0.583418
1555.1, 0.594315
1555.09, 0.604951
1555.09, 0.615321
1555.08, 0.625421
1555.07, 0.635247
1555.06, 0.644793
1555.05, 0.654056
1555.04, 0.663032
1555.04, 0.671716
1555.03, 0.680106
1555.02, 0.688196
1555.01, 0.695985
1555, 0.703468
1555, 0.710641
1554.99, 0.717503
1554.98, 0.724049
1554.97, 0.730278
1554.96, 0.736185
1554.96, 0.74177
1554.95, 0.747028
1554.94, 0.751959
1554.93, 0.756559
1554.92, 0.760826
1554.92, 0.76476
1554.91, 0.768358
1554.9, 0.771618
1554.89, 0.774539
1554.88, 0.77712
1554.88, 0.77936
1554.87, 0.781257
1554.86, 0.782811
1554.85, 0.784022
1554.84, 0.784887
1554.84, 0.785409
1554.83, 0.785585
1554.82, 0.785416
1554.81, 0.784902
1554.8, 0.784044
1554.79, 0.782841
1554.79, 0.781294
1554.78, 0.779404
1554.77, 0.777172
1554.76, 0.774598
1554.75, 0.771684
1554.75, 0.768431
1554.74, 0.764841
1554.73, 0.760914
1554.72, 0.756654
1554.71, 0.752061
1554.71, 0.747138
1554.7, 0.741886
1554.69, 0.736309
1554.68, 0.730408
1554.67, 0.724186
1554.67, 0.717647
1554.66, 0.710792
1554.65, 0.703625
1554.64, 0.696149
1554.63, 0.688367
1554.63, 0.680283
1554.62, 0.671899
1554.61, 0.663221
1554.6, 0.654252
1554.59, 0.644995
1554.59, 0.635455
1554.58, 0.625635
1554.57, 0.615541
1554.56, 0.605177
1554.55, 0.594546
1554.55, 0.583655
1554.54, 0.572507
1554.53, 0.561108
1554.52, 0.549462
1554.51, 0.537575
1554.5, 0.525452
1554.5, 0.513098
1554.49, 0.500518
1554.48, 0.487719
1554.47, 0.474706
1554.46, 0.461484
1554.46, 0.448059
1554.45, 0.434437
1554.44, 0.420625
1554.43, 0.406628
1554.42, 0.392452
1554.42, 0.378104
1554.41, 0.36359
1554.4, 0.348916
1554.39, 0.334089
1554.38, 0.319115
1554.38, 0.304001
1554.37, 0.288754
1554.36, 0.273379
1554.35, 0.257885
1554.34, 0.242277
1554.34, 0.226563
1554.33, 0.210749
1554.32, 0.194843
1554.31, 0.178851
1554.3, 0.162781
1554.3, 0.146639
1554.29, 0.130433
1554.28, 0.114169
1554.27, 0.0978555
1554.26, 0.0814988
1554.25, 0.0651063
1554.25, 0.0486852
1554.24, 0.0322427
1554.23, 0.015786
1554.22, -0.000677548
1554.21, -0.0171408
1554.21, -0.0335966
1554.2, -0.0500376
1554.19, -0.0664566
1554.18, -0.0828464
1554.17, -0.0991999
1554.17, -0.11551
1554.16, -0.131769
1554.15, -0.14797
1554.14, -0.164106
1554.13, -0.180171
1554.13, -0.196156
1554.12, -0.212054
1554.11, -0.22786
1554.1, -0.243566
1554.09, -0.259165
1554.09, -0.274649
1554.08, -0.290014
1554.07, -0.30525
1554.06, -0.320353
1554.05, -0.335315
1554.05, -0.35013
1554.04, -0.364791
1554.03, -0.379291
1554.02, -0.393626
1554.01, -0.407787
1554.01, -0.421769
1554, -0.435566
1553.99, -0.449171
1553.98, -0.462579
1553.97, -0.475785
1553.96, -0.488781
1553.96, -0.501562
1553.95, -0.514123
1553.94, -0.526458
1553.93, -0.538562
1553.92, -0.55043
1553.92, -0.562055
1553.91, -0.573434
1553.9, -0.584561
1553.89, -0.595431
1553.88, -0.60604
1553.88, -0.616382
1553.87, -0.626454
1553.86, -0.63625
1553.85, -0.645767
1553.84, -0.655001
1553.84, -0.663947
1553.83, -0.672601
1553.82, -0.680959
1553.81, -0.689019
1553.8, -0.696776
1553.8, -0.704226
1553.79, -0.711368
1553.78, -0.718197
1553.77, -0.724711
1553.76, -0.730906
1553.76, -0.73678
1553.75, -0.742331
1553.74, -0.747555
1553.73, -0.752451
1553.72, -0.757017
1553.72, -0.76125
1553.71, -0.765149
1553.7, -0.768712
1553.69, -0.771937
1553.68, -0.774823
1553.67, -0.777368
1553.67, -0.779572
1553.66, -0.781434
1553.65, -0.782953
1553.64, -0.784127
1553.63, -0.784958
1553.63, -0.785443
1553.62, -0.785583
1553.61, -0.785379
1553.6, -0.784829
1553.59, -0.783935
1553.59, -0.782696
1553.58, -0.781114
1553.57, -0.779188
1553.56, -0.77692
1553.55, -0.774311
1553.55, -0.771362
1553.54, -0.768074
1553.53, -0.764449
1553.52, -0.760488
1553.51, -0.756193
1553.51, -0.751565
1553.5, -0.746608
1553.49, -0.741322
1553.48, -0.735711
1553.47, -0.729777
1553.47, -0.723523
1553.46, -0.71695
1553.45, -0.710063
1553.44, -0.702863
1553.43, -0.695355
1553.43, -0.687542
1553.42, -0.679426
1553.41, -0.671013
1553.4, -0.662304
1553.39, -0.653304
1553.39, -0.644018
1553.38, -0.634449
1553.37, -0.624601
1553.36, -0.614478
1553.35, -0.604086
1553.34, -0.593428
1553.34, -0.58251
1553.33, -0.571336
1553.32, -0.559911
1553.31, -0.54824
1553.3, -0.536328
1553.3, -0.52418
1553.29, -0.511803
1553.28, -0.4992
1553.27, -0.486378
1553.26, -0.473343
1553.26, -0.4601
1553.25, -0.446654
1553.24, -0.433013
1553.23, -0.419181
1553.22, -0.405165
1553.22, -0.390971
1553.21, -0.376606
1553.2, -0.362075
1553.19, -0.347385
1553.18, -0.332542
1553.18, -0.317553
1553.17, -0.302425
1553.16, -0.287164
1553.15, -0.271777
1553.14, -0.25627
1553.14, -0.240651
1553.13, -0.224927
1553.12, -0.209103
1553.11, -0.193187
1553.1, -0.177187
1553.1, -0.161109
1553.09, -0.14496
1553.08, -0.128748
1553.07, -0.112479
1553.06, -0.09616
1553.06, -0.0797992
1553.05, -0.0634034
1553.04, -0.0469798
1553.03, -0.0305355
1553.02, -0.0140778
1553.01, 0.0023861
1553.01, 0.0188489
1553, 0.0353035
1552.99, 0.0517425
1552.98, 0.0681589
1552.97, 0.0845453
1552.97, 0.100895
1552.96, 0.117199
1552.95, 0.133453
1552.94, 0.149648
1552.93, 0.165777
1552.93, 0.181833
1552.92, 0.19781
1552.91, 0.213699
1552.9, 0.229495
1552.89, 0.24519
1552.89, 0.260777
1552.88, 0.276249
1552.87, 0.291601
1552.86, 0.306824
1552.85, 0.321912
1552.85, 0.336859
1552.84, 0.351658
1552.83, 0.366303
1552.82, 0.380787
1552.81, 0.395103
1552.81, 0.409246
1552.8, 0.423209
1552.79, 0.436987
1552.78, 0.450572
1552.77, 0.463959
1552.77, 0.477143
1552.76, 0.490117
1552.75, 0.502876
1552.74, 0.515414
1552.73, 0.527725
1552.73, 0.539805
1552.72, 0.551647
1552.71, 0.563248
1552.7, 0.574601
1552.69, 0.585701
1552.69, 0.596544
1552.68, 0.607125
1552.67, 0.61744
1552.66, 0.627483
1552.65, 0.637251
1552.64, 0.646739
1552.64, 0.655943
1552.63, 0.664858
1552.62, 0.673482
1552.61, 0.68181
1552.6, 0.689838
1552.6, 0.697563
1552.59, 0.704982
1552.58, 0.712091
1552.57, 0.718888
1552.56, 0.725368
1552.56, 0.73153
1552.55, 0.737371
1552.54, 0.742888
1552.53, 0.748079
1552.52, 0.752941
1552.52, 0.757472
1552.51, 0.76167
1552.5, 0.765534
1552.49, 0.769062
1552.48, 0.772252
1552.48, 0.775103
1552.47, 0.777613
1552.46, 0.779782
1552.45, 0.781608
1552.44, 0.783091
1552.44, 0.78423
1552.43, 0.785024
1552.42, 0.785474
1552.41, 0.785578
1552.4, 0.785338
1552.4, 0.784752
1552.39, 0.783822
1552.38, 0.782548
1552.37, 0.78093
1552.36, 0.778969
1552.36, 0.776666
1552.35, 0.774021
1552.34, 0.771037
1552.33, 0.767714
1552.32, 0.764053
1552.32, 0.760058
1552.31, 0.755728
1552.3, 0.751066
1552.29, 0.746075
1552.28, 0.740755
1552.28, 0.735111
1552.27, 0.729143
1552.26, 0.722855
1552.25, 0.71625
1552.24, 0.70933
1552.23, 0.702099
1552.23, 0.694559
1552.22, 0.686714
1552.21, 0.678567
1552.2, 0.670122
1552.19, 0.661383
1552.19, 0.652354
1552.18, 0.643038
1552.17, 0.633439
1552.16, 0.623563
1552.15, 0.613412
1552.15, 0.602992
1552.14, 0.592307
1552.13, 0.581362
1552.12, 0.570162
1552.11, 0.558711
1552.11, 0.547015
1552.1, 0.535078
1552.09, 0.522906
1552.08, 0.510505
1552.07, 0.49788
1552.07, 0.485036
1552.06, 0.471978
1552.05, 0.458714
1552.04, 0.445248
1552.03, 0.431586
1552.03, 0.417735
1552.02, 0.4037
1552.01, 0.389488
1552, 0.375105
1551.99, 0.360558
1551.99, 0.345851
1551.98, 0.330993
1551.97, 0.31599
1551.96, 0.300848
1551.95, 0.285573
1551.95, 0.270173
1551.94, 0.254655
1551.93, 0.239024
1551.92, 0.223289
1551.91, 0.207456
1551.91, 0.191531
1551.9, 0.175522
1551.89, 0.159436
1551.88, 0.143281
1551.87, 0.127062
1551.87, 0.110787
1551.86, 0.0944641
1551.85, 0.0780993
1551.84, 0.0617003
1551.83, 0.0452742
1551.83, 0.0288282
1551.82, 0.0123695
1551.81, -0.00409463
1551.8, -0.0205569
1551.79, -0.0370102
1551.79, -0.0534473
1551.78, -0.0698608
1551.77, -0.0862437
1551.76, -0.102589
1551.75, -0.118889
1551.74, -0.135136
1551.74, -0.151325
1551.73, -0.167447
1551.72, -0.183495
1551.71, -0.199463
1551.7, -0.215343
1551.7, -0.231128
1551.69, -0.246812
1551.68, -0.262388
1551.67, -0.277848
1551.66, -0.293187
1551.66, -0.308396
1551.65, -0.32347
1551.64, -0.338402
1551.63, -0.353185
1551.62, -0.367814
1551.62, -0.38228
1551.61, -0.396579
1551.6, -0.410704
1551.59, -0.424648
1551.58, -0.438405
1551.58, -0.45197
1551.57, -0.465337
1551.56, -0.478499
1551.55, -0.491451
1551.54, -0.504187
1551.54, -0.516702
1551.53, -0.52899
1551.52, -0.541045
1551.51, -0.552863
1551.5, -0.564437
1551.5, -0.575764
1551.49, -0.586838
1551.48, -0.597655
1551.47, -0.608208
1551.46, -0.618495
1551.46, -0.62851
1551.45, -0.638249
1551.44, -0.647707
1551.43, -0.656881
1551.42, -0.665767
1551.42, -0.67436
1551.41, -0.682657
1551.4, -0.690654
1551.39, -0.698347
1551.38, -0.705734
1551.38, -0.712811
1551.37, -0.719575
1551.36, -0.726023
1551.35, -0.732151
1551.34, -0.737959
1551.34, -0.743442
1551.33, -0.748598
1551.32, -0.753426
1551.31, -0.757923
1551.3, -0.762087
1551.3, -0.765916
1551.29, -0.769409
1551.28, -0.772564
1551.27, -0.775379
1551.26, -0.777854
1551.26, -0.779987
1551.25, -0.781778
1551.24, -0.783225
1551.23, -0.784328
1551.22, -0.785087
1551.21, -0.785501
1551.21, -0.785569
1551.2, -0.785293
1551.19, -0.784672
1551.18, -0.783706
1551.17, -0.782396
1551.17, -0.780742
1551.16, -0.778746
1551.15, -0.776407
1551.14, -0.773727
1551.13, -0.770708
1551.13, -0.767349
1551.12, -0.763654
1551.11, -0.759624
1551.1, -0.755259
1551.09, -0.750563
1551.09, -0.745538
1551.08, -0.740185
1551.07, -0.734506
1551.06, -0.728505
1551.05, -0.722185
1551.05, -0.715546
1551.04, -0.708594
1551.03, -0.70133
1551.02, -0.693759
1551.01, -0.685882
1551.01, -0.677705
1551, -0.669229
1550.99, -0.66046
1550.98, -0.651401
1550.97, -0.642055
1550.97, -0.632427
1550.96, -0.622522
1550.95, -0.612343
1550.94, -0.601896
1550.93, -0.591183
1550.93, -0.580212
1550.92, -0.568985
1550.91, -0.557508
1550.9, -0.545787
1550.89, -0.533826
1550.89, -0.52163
1550.88, -0.509205
1550.87, -0.496557
1550.86, -0.48369
1550.85, -0.470611
1550.85, -0.457326
1550.84, -0.443839
1550.83, -0.430158
1550.82, -0.416287
1550.81, -0.402234
1550.81, -0.388004
1550.8, -0.373603
1550.79, -0.359039
1550.78, -0.344316
1550.77, -0.329443
1550.77, -0.314425
1550.76, -0.299269
1550.75, -0.283981
1550.74, -0.268568
1550.73, -0.253038
1550.73, -0.237396
1550.72, -0.22165
1550.71, -0.205807
1550.7, -0.189874
1550.69, -0.173856
1550.69, -0.157763
1550.68, -0.1416
1550.67, -0.125376
1550.66, -0.109096
1550.65, -0.0927677
1550.65, -0.0763991
1550.64, -0.0599969
1550.63, -0.0435684
1550.62, -0.0271207
1550.61, -0.0106611
1550.61, 0.00580315
1550.6, 0.0222649
1550.59, 0.0387168
1550.58, 0.0551517
1550.57, 0.0715624
1550.57, 0.0879417
1550.56, 0.104282
1550.55, 0.120577
1550.54, 0.136819
1550.53, 0.153001
1550.52, 0.169115
1550.52, 0.185156
1550.51, 0.201115
1550.5, 0.216985
1550.49, 0.232761
1550.48, 0.248434
1550.48, 0.263998
1550.47, 0.279446
1550.46, 0.294771
1550.45, 0.309967
1550.44, 0.325026
1550.44, 0.339943
1550.43, 0.354711
1550.42, 0.369322
1550.41, 0.383772
1550.4, 0.398053
1550.4, 0.412159
1550.39, 0.426084
1550.38, 0.439822
1550.37, 0.453367
1550.36, 0.466712
1550.36, 0.479853
1550.35, 0.492783
1550.34, 0.505496
1550.33, 0.517988
1550.32, 0.530251
1550.32, 0.542282
1550.31, 0.554075
1550.3, 0.565624
1550.29, 0.576925
1550.28, 0.587973
1550.28, 0.598762
1550.27, 0.609288
1550.26, 0.619547
1550.25, 0.629533
1550.24, 0.639243
1550.24, 0.648673
1550.23, 0.657817
1550.22, 0.666672
1550.21, 0.675235
1550.2, 0.6835
1550.2, 0.691466
1550.19, 0.699128
1550.18, 0.706483
1550.17, 0.713528
1550.16, 0.720259
1550.16, 0.726673
1550.15, 0.732769
1550.14, 0.738543
1550.13, 0.743992
1550.12, 0.749115
1550.12, 0.753908
1550.11, 0.758371
1550.1, 0.7625
1550.09, 0.766294
1550.08, 0.769752
1550.08, 0.772871
1550.07, 0.775652
1550.06, 0.778091
1550.05, 0.780189
1550.04, 0.781944
1550.04, 0.783355
1550.03, 0.784423
1550.02, 0.785146
1550.01, 0.785524
1550, 0.785557
1550, 0.785245
1549.99, 0.784588
1549.98, 0.783586
1549.97, 0.78224
1549.96, 0.780551
1549.96, 0.778519
1549.95, 0.776145
1549.94, 0.77343
1549.93, 0.770375
1549.92, 0.766982
1549.92, 0.763252
1549.91, 0.759186
1549.9, 0.754788
1549.89, 0.750057
1549.88, 0.744997
1549.88, 0.73961
1549.87, 0.733899
1549.86, 0.727864
1549.85, 0.72151
1549.84, 0.71484
1549.84, 0.707855
1549.83, 0.700559
1549.82, 0.692955
1549.81, 0.685048
1549.8, 0.676839
1549.8, 0.668333
1549.79, 0.659533
1549.78, 0.650444
1549.77, 0.641069
1549.76, 0.631412
1549.76, 0.621478
1549.75, 0.611272
1549.74, 0.600796
1549.73, 0.590057
1549.72, 0.579058
1549.72, 0.567806
1549.71, 0.556303
1549.7, 0.544557
1549.69, 0.532571
1549.68, 0.520351
1549.68, 0.507903
1549.67, 0.495232
1549.66, 0.482343
1549.65, 0.469242
1549.64, 0.455935
1549.64, 0.442428
1549.63, 0.428727
1549.62, 0.414837
1549.61, 0.400765
1549.6, 0.386517
1549.6, 0.372099
1549.59, 0.357518
1549.58, 0.34278
1549.57, 0.327891
1549.56, 0.312858
1549.56, 0.297688
1549.55, 0.282387
1549.54, 0.266962
1549.53, 0.25142
1549.52, 0.235767
1549.52, 0.220011
1549.51, 0.204158
1549.5, 0.188215
1549.49, 0.17219
1549.48, 0.156089
1549.48, 0.139919
1549.47, 0.123689
1549.46, 0.107403
1549.45, 0.0910709
1549.44, 0.0746984
1549.44, 0.0582932
1549.43, 0.0418623
1549.42, 0.0254131
1549.41, 0.00895269
1549.4, -0.00751164
1549.4, -0.0239727
1549.39, -0.0404232
1549.38, -0.0568559
1549.37, -0.0732637
1549.36, -0.0896393
1549.36, -0.105976
1549.35, -0.122265
1549.34, -0.138501
1549.33, -0.154676
1549.32, -0.170784


