

wavelength(nm), Y
1557.36, -0.23065
1557.36, -0.214861
1557.35, -0.198978
1557.34, -0.183008
1557.33, -0.166957
1557.32, -0.150833
1557.31, -0.134643
1557.31, -0.118394
1557.3, -0.102092
1557.29, -0.0857459
1557.28, -0.069362
1557.27, -0.0529476
1557.27, -0.03651
1557.26, -0.0200563
1557.25, -0.00359382
1557.24, 0.0128702
1557.23, 0.0293286
1557.23, 0.0457742
1557.22, 0.0621996
1557.21, 0.0785977
1557.2, 0.0949612
1557.19, 0.111283
1557.19, 0.127556
1557.18, 0.143773
1557.17, 0.159927
1557.16, 0.17601
1557.15, 0.192017
1557.15, 0.207939
1557.14, 0.223769
1557.13, 0.239501
1557.12, 0.255128
1557.11, 0.270643
1557.1, 0.28604
1557.1, 0.30131
1557.09, 0.316448
1557.08, 0.331447
1557.07, 0.346301
1557.06, 0.361002
1557.06, 0.375545
1557.05, 0.389923
1557.04, 0.40413
1557.03, 0.418159
1557.02, 0.432005
1557.02, 0.44566
1557.01, 0.45912
1557, 0.472379
1556.99, 0.485429
1556.98, 0.498267
1556.98, 0.510886
1556.97, 0.52328
1556.96, 0.535445
1556.95, 0.547374
1556.94, 0.559063
1556.93, 0.570506
1556.93, 0.581699
1556.92, 0.592636
1556.91, 0.603313
1556.9, 0.613725
1556.89, 0.623867
1556.89, 0.633736
1556.88, 0.643326
1556.87, 0.652633
1556.86, 0.661654
1556.85, 0.670384
1556.85, 0.678819
1556.84, 0.686957
1556.83, 0.694793
1556.82, 0.702323
1556.81, 0.709545
1556.81, 0.716456
1556.8, 0.723051
1556.79, 0.729329
1556.78, 0.735287
1556.77, 0.740922
1556.76, 0.746231
1556.76, 0.751213
1556.75, 0.755864
1556.74, 0.760184
1556.73, 0.76417
1556.72, 0.76782
1556.72, 0.771132
1556.71, 0.774107
1556.7, 0.776741
1556.69, 0.779033
1556.68, 0.780984
1556.68, 0.782592
1556.67, 0.783856
1556.66, 0.784775
1556.65, 0.78535
1556.64, 0.78558
1556.64, 0.785465
1556.63, 0.785005
1556.62, 0.7842
1556.61, 0.783051
1556.6, 0.781557
1556.6, 0.779721
1556.59, 0.777542
1556.58, 0.775021
1556.57, 0.77216
1556.56, 0.76896
1556.55, 0.765422
1556.55, 0.761548
1556.54, 0.757339
1556.53, 0.752797
1556.52, 0.747925
1556.51, 0.742725
1556.51, 0.737198
1556.5, 0.731348
1556.49, 0.725176
1556.48, 0.718686
1556.47, 0.71188
1556.47, 0.704761
1556.46, 0.697333
1556.45, 0.689598
1556.44, 0.681561
1556.43, 0.673224
1556.43, 0.664591
1556.42, 0.655667
1556.41, 0.646454
1556.4, 0.636958
1556.39, 0.627182
1556.39, 0.61713
1556.38, 0.606808
1556.37, 0.596218
1556.36, 0.585367
1556.35, 0.574259
1556.34, 0.562898
1556.34, 0.551291
1556.33, 0.539441
1556.32, 0.527354
1556.31, 0.515036
1556.3, 0.502491
1556.3, 0.489725
1556.29, 0.476745
1556.28, 0.463555
1556.27, 0.450162
1556.26, 0.43657
1556.26, 0.422787
1556.25, 0.408819
1556.24, 0.39467
1556.23, 0.380349
1556.22, 0.36586
1556.22, 0.351211
1556.21, 0.336407
1556.2, 0.321455
1556.19, 0.306363
1556.18, 0.291136
1556.18, 0.275781
1556.17, 0.260304
1556.16, 0.244714
1556.15, 0.229016
1556.14, 0.213217
1556.13, 0.197325
1556.13, 0.181346
1556.12, 0.165287
1556.11, 0.149156
1556.1, 0.132959
1556.09, 0.116704
1556.09, 0.100398
1556.08, 0.0840473
1556.07, 0.0676599
1556.06, 0.0512428
1556.05, 0.0348032
1556.05, 0.0183483
1556.04, 0.00188528
1556.03, -0.0145785
1556.02, -0.0310359
1556.01, -0.0474797
1556.01, -0.0639026
1556, -0.0802975
1555.99, -0.096657
1555.98, -0.112974
1555.97, -0.129242
1555.97, -0.145452
1555.96, -0.161599
1555.95, -0.177675
1555.94, -0.193673
1555.93, -0.209586
1555.92, -0.225406
1555.92, -0.241128
1555.91, -0.256744
1555.9, -0.272247
1555.89, -0.28763
1555.88, -0.302887
1555.88, -0.318011
1555.87, -0.332996
1555.86, -0.347834
1555.85, -0.362519
1555.84, -0.377045
1555.84, -0.391406
1555.83, -0.405594
1555.82, -0.419604
1555.81, -0.433431
1555.8, -0.447066
1555.8, -0.460506
1555.79, -0.473743
1555.78, -0.486772
1555.77, -0.499587
1555.76, -0.512182
1555.76, -0.524553
1555.75, -0.536694
1555.74, -0.548598
1555.73, -0.560262
1555.72, -0.571679
1555.71, -0.582846
1555.71, -0.593756
1555.7, -0.604406
1555.69, -0.61479
1555.68, -0.624904
1555.67, -0.634744
1555.67, -0.644305
1555.66, -0.653582
1555.65, -0.662573
1555.64, -0.671273
1555.63, -0.679678
1555.63, -0.687784
1555.62, -0.695588
1555.61, -0.703087
1555.6, -0.710277
1555.59, -0.717155
1555.59, -0.723718
1555.58, -0.729963
1555.57, -0.735887
1555.56, -0.741488
1555.55, -0.746763
1555.55, -0.751711
1555.54, -0.756328
1555.53, -0.760613
1555.52, -0.764564
1555.51, -0.768179
1555.5, -0.771457
1555.5, -0.774396
1555.49, -0.776994
1555.48, -0.779252
1555.47, -0.781167
1555.46, -0.782739
1555.46, -0.783967
1555.45, -0.784851
1555.44, -0.78539
1555.43, -0.785584
1555.42, -0.785433
1555.42, -0.784937
1555.41, -0.784097
1555.4, -0.782912
1555.39, -0.781383
1555.38, -0.77951
1555.38, -0.777296
1555.37, -0.77474
1555.36, -0.771844
1555.35, -0.768608
1555.34, -0.765035
1555.34, -0.761126
1555.33, -0.756883
1555.32, -0.752307
1555.31, -0.747401
1555.3, -0.742167
1555.3, -0.736606
1555.29, -0.730722
1555.28, -0.724517
1555.27, -0.717994
1555.26, -0.711155
1555.25, -0.704004
1555.25, -0.696544
1555.24, -0.688778
1555.23, -0.680709
1555.22, -0.672342
1555.21, -0.663679
1555.21, -0.654724
1555.2, -0.645482
1555.19, -0.635957
1555.18, -0.626152
1555.17, -0.616072
1555.17, -0.605721
1555.16, -0.595104
1555.15, -0.584226
1555.14, -0.573092
1555.13, -0.561705
1555.13, -0.550072
1555.12, -0.538198
1555.11, -0.526086
1555.1, -0.513744
1555.09, -0.501176
1555.09, -0.488388
1555.08, -0.475386
1555.07, -0.462175
1555.06, -0.44876
1555.05, -0.435149
1555.04, -0.421346
1555.04, -0.407359
1555.03, -0.393192
1555.02, -0.378853
1555.01, -0.364347
1555, -0.349681
1555, -0.334862
1554.99, -0.319896
1554.98, -0.304789
1554.97, -0.289548
1554.96, -0.27418
1554.96, -0.258692
1554.95, -0.24309
1554.94, -0.227381
1554.93, -0.211572
1554.92, -0.195671
1554.92, -0.179683
1554.91, -0.163617
1554.9, -0.147478
1554.89, -0.131275
1554.88, -0.115014
1554.88, -0.098703
1554.87, -0.0823484
1554.86, -0.0659576
1554.85, -0.0495378
1554.84, -0.0330962
1554.84, -0.0166401
1554.83, -0.000176728
1554.82, 0.0162867
1554.81, 0.0327431
1554.8, 0.049185
1554.79, 0.0656053
1554.79, 0.0819969
1554.78, 0.0983524
1554.77, 0.114665
1554.76, 0.130927
1554.75, 0.147131
1554.75, 0.163271
1554.74, 0.179339
1554.73, 0.195328
1554.72, 0.211232
1554.71, 0.227043
1554.71, 0.242754
1554.7, 0.258358
1554.69, 0.273849
1554.68, 0.289219
1554.67, 0.304463
1554.67, 0.319573
1554.66, 0.334542
1554.65, 0.349365
1554.64, 0.364034
1554.63, 0.378543
1554.63, 0.392886
1554.62, 0.407056
1554.61, 0.421048
1554.6, 0.434855
1554.59, 0.44847
1554.59, 0.461889
1554.58, 0.475104
1554.57, 0.488111
1554.56, 0.500904
1554.55, 0.513477
1554.55, 0.525824
1554.54, 0.53794
1554.53, 0.54982
1554.52, 0.561458
1554.51, 0.57285
1554.5, 0.58399
1554.5, 0.594874
1554.49, 0.605496
1554.48, 0.615852
1554.47, 0.625938
1554.46, 0.635749
1554.46, 0.645281
1554.45, 0.654529
1554.44, 0.66349
1554.43, 0.672159
1554.42, 0.680533
1554.42, 0.688608
1554.41, 0.696381
1554.4, 0.703847
1554.39, 0.711005
1554.38, 0.71785
1554.38, 0.72438
1554.37, 0.730592
1554.36, 0.736483
1554.35, 0.742051
1554.34, 0.747292
1554.34, 0.752205
1554.33, 0.756788
1554.32, 0.761039
1554.31, 0.764955
1554.3, 0.768535
1554.3, 0.771778
1554.29, 0.774681
1554.28, 0.777245
1554.27, 0.779467
1554.26, 0.781346
1554.25, 0.782882
1554.25, 0.784075
1554.24, 0.784923
1554.23, 0.785426
1554.22, 0.785585
1554.21, 0.785398
1554.21, 0.784866
1554.2, 0.78399
1554.19, 0.782769
1554.18, 0.781204
1554.17, 0.779297
1554.17, 0.777046
1554.16, 0.774455
1554.15, 0.771524
1554.14, 0.768253
1554.13, 0.764645
1554.13, 0.760701
1554.12, 0.756424
1554.11, 0.751813
1554.1, 0.746873
1554.09, 0.741605
1554.09, 0.736011
1554.08, 0.730093
1554.07, 0.723855
1554.06, 0.717299
1554.05, 0.710428
1554.05, 0.703245
1554.04, 0.695752
1554.03, 0.687955
1554.02, 0.679855
1554.01, 0.671456
1554.01, 0.662763
1554, 0.653778
1553.99, 0.644507
1553.98, 0.634952
1553.97, 0.625118
1553.96, 0.61501
1553.96, 0.604632
1553.95, 0.593988
1553.94, 0.583083
1553.93, 0.571922
1553.92, 0.56051
1553.92, 0.548851
1553.91, 0.536952
1553.9, 0.524816
1553.89, 0.51245
1553.88, 0.499859
1553.88, 0.487049
1553.87, 0.474025
1553.86, 0.460792
1553.85, 0.447357
1553.84, 0.433725
1553.84, 0.419903
1553.83, 0.405897
1553.82, 0.391712
1553.81, 0.377355
1553.8, 0.362833
1553.8, 0.348151
1553.79, 0.333316
1553.78, 0.318334
1553.77, 0.303213
1553.76, 0.287959
1553.76, 0.272578
1553.75, 0.257078
1553.74, 0.241464
1553.73, 0.225745
1553.72, 0.209926
1553.72, 0.194015
1553.71, 0.178019
1553.7, 0.161945
1553.69, 0.1458
1553.68, 0.12959
1553.67, 0.113324
1553.67, 0.0970078
1553.66, 0.0806491
1553.65, 0.0642549
1553.64, 0.0478325
1553.63, 0.0313891
1553.63, 0.0149319
1553.62, -0.00153182
1553.61, -0.0179949
1553.6, -0.0344501
1553.59, -0.0508901
1553.59, -0.0673078
1553.58, -0.0836959
1553.57, -0.100047
1553.56, -0.116355
1553.55, -0.132611
1553.55, -0.148809
1553.54, -0.164942
1553.53, -0.181002
1553.52, -0.196983
1553.51, -0.212877
1553.51, -0.228678
1553.5, -0.244378
1553.49, -0.259971
1553.48, -0.27545
1553.47, -0.290807
1553.47, -0.306037
1553.46, -0.321133
1553.45, -0.336087
1553.44, -0.350894
1553.43, -0.365547
1553.43, -0.380039
1553.42, -0.394365
1553.41, -0.408517
1553.4, -0.422489
1553.39, -0.436276
1553.39, -0.449872
1553.38, -0.46327
1553.37, -0.476464
1553.36, -0.489449
1553.35, -0.502219
1553.34, -0.514769
1553.34, -0.527092
1553.33, -0.539184
1553.32, -0.551039
1553.31, -0.562652
1553.3, -0.574018
1553.3, -0.585131
1553.29, -0.595988
1553.28, -0.606583
1553.27, -0.616911
1553.26, -0.626969
1553.26, -0.636751
1553.25, -0.646254
1553.24, -0.655472
1553.23, -0.664403
1553.22, -0.673042
1553.22, -0.681385
1553.21, -0.689429
1553.2, -0.69717
1553.19, -0.704605
1553.18, -0.71173
1553.18, -0.718543
1553.17, -0.72504
1553.16, -0.731219
1553.15, -0.737076
1553.14, -0.74261
1553.14, -0.747817
1553.13, -0.752696
1553.12, -0.757245
1553.11, -0.761461
1553.1, -0.765342
1553.1, -0.768887
1553.09, -0.772095
1553.08, -0.774963
1553.07, -0.777491
1553.06, -0.779677
1553.06, -0.781521
1553.05, -0.783022
1553.04, -0.784179
1553.03, -0.784991
1553.02, -0.785459
1553.01, -0.785581
1553.01, -0.785359
1553, -0.784791
1552.99, -0.783879
1552.98, -0.782623
1552.97, -0.781022
1552.97, -0.779079
1552.96, -0.776793
1552.95, -0.774167
1552.94, -0.7712
1552.93, -0.767894
1552.93, -0.764252
1552.92, -0.760273
1552.91, -0.755961
1552.9, -0.751316
1552.89, -0.746342
1552.89, -0.741039
1552.88, -0.735411
1552.87, -0.729461
1552.86, -0.723189
1552.85, -0.7166
1552.85, -0.709697
1552.84, -0.702481
1552.83, -0.694957
1552.82, -0.687128
1552.81, -0.678997
1552.81, -0.670568
1552.8, -0.661844
1552.79, -0.65283
1552.78, -0.643528
1552.77, -0.633944
1552.77, -0.624082
1552.76, -0.613946
1552.75, -0.603539
1552.74, -0.592868
1552.73, -0.581936
1552.73, -0.570749
1552.72, -0.559311
1552.71, -0.547627
1552.7, -0.535703
1552.69, -0.523544
1552.69, -0.511154
1552.68, -0.49854
1552.67, -0.485707
1552.66, -0.472661
1552.65, -0.459407
1552.64, -0.445951
1552.64, -0.4323
1552.63, -0.418458
1552.62, -0.404433
1552.61, -0.39023
1552.6, -0.375856
1552.6, -0.361316
1552.59, -0.346618
1552.58, -0.331768
1552.57, -0.316772
1552.56, -0.301636
1552.56, -0.286369
1552.55, -0.270975
1552.54, -0.255463
1552.53, -0.239838
1552.52, -0.224108
1552.52, -0.208279
1552.51, -0.192359
1552.5, -0.176355
1552.49, -0.160273
1552.48, -0.14412
1552.48, -0.127905
1552.47, -0.111633
1552.46, -0.0953121
1552.45, -0.0789493
1552.44, -0.0625519
1552.44, -0.046127
1552.43, -0.0296818
1552.42, -0.0132236
1552.41, 0.00324037
1552.4, 0.019703
1552.4, 0.0361569
1552.39, 0.0525949
1552.38, 0.0690099
1552.37, 0.0853945
1552.36, 0.101742
1552.36, 0.118044
1552.35, 0.134295
1552.34, 0.150486
1552.33, 0.166612
1552.32, 0.182664
1552.32, 0.198636
1552.31, 0.214521
1552.3, 0.230312
1552.29, 0.246001
1552.28, 0.261582
1552.28, 0.277049
1552.27, 0.292394
1552.26, 0.30761
1552.25, 0.322691
1552.24, 0.337631
1552.23, 0.352422
1552.23, 0.367059
1552.22, 0.381534
1552.21, 0.395841
1552.2, 0.409975
1552.19, 0.423929
1552.19, 0.437696
1552.18, 0.451271
1552.17, 0.464648
1552.16, 0.477821
1552.15, 0.490784
1552.15, 0.503532
1552.14, 0.516058
1552.13, 0.528358
1552.12, 0.540425
1552.11, 0.552255
1552.11, 0.563843
1552.1, 0.575183
1552.09, 0.58627
1552.08, 0.5971
1552.07, 0.607667
1552.07, 0.617968
1552.06, 0.627997
1552.05, 0.63775
1552.04, 0.647223
1552.03, 0.656412
1552.03, 0.665313
1552.02, 0.673921
1552.01, 0.682233
1552, 0.690246
1551.99, 0.697956
1551.99, 0.705358
1551.98, 0.712452
1551.97, 0.719232
1551.96, 0.725696
1551.95, 0.731841
1551.95, 0.737665
1551.94, 0.743165
1551.93, 0.748339
1551.92, 0.753184
1551.91, 0.757698
1551.91, 0.761879
1551.9, 0.765726
1551.89, 0.769236
1551.88, 0.772408
1551.87, 0.775241
1551.87, 0.777734
1551.86, 0.779885
1551.85, 0.781693
1551.84, 0.783158
1551.83, 0.784279
1551.83, 0.785056
1551.82, 0.785488
1551.81, 0.785574
1551.8, 0.785316
1551.79, 0.784713
1551.79, 0.783765
1551.78, 0.782472
1551.77, 0.780837
1551.76, 0.778858
1551.75, 0.776537
1551.74, 0.773875
1551.74, 0.770873
1551.73, 0.767532
1551.72, 0.763854
1551.71, 0.759841
1551.7, 0.755494
1551.7, 0.750815
1551.69, 0.745807
1551.68, 0.74047
1551.67, 0.734809
1551.66, 0.728825
1551.66, 0.72252
1551.65, 0.715899
1551.64, 0.708962
1551.63, 0.701715
1551.62, 0.694159
1551.62, 0.686298
1551.61, 0.678136
1551.6, 0.669676
1551.59, 0.660922
1551.58, 0.651878
1551.58, 0.642547
1551.57, 0.632934
1551.56, 0.623043
1551.55, 0.612878
1551.54, 0.602444
1551.54, 0.591746
1551.53, 0.580787
1551.52, 0.569574
1551.51, 0.55811
1551.5, 0.546401
1551.5, 0.534452
1551.49, 0.522269
1551.48, 0.509856
1551.47, 0.497219
1551.46, 0.484363
1551.46, 0.471295
1551.45, 0.45802
1551.44, 0.444544
1551.43, 0.430872
1551.42, 0.417011
1551.42, 0.402967
1551.41, 0.388746
1551.4, 0.374355
1551.39, 0.359798
1551.38, 0.345084
1551.38, 0.330218
1551.37, 0.315207
1551.36, 0.300058
1551.35, 0.284777
1551.34, 0.269371
1551.34, 0.253846
1551.33, 0.23821
1551.32, 0.22247
1551.31, 0.206631
1551.3, 0.190702
1551.3, 0.174689
1551.29, 0.1586
1551.28, 0.142441
1551.27, 0.126219
1551.26, 0.109941
1551.26, 0.0936159
1551.25, 0.0772492
1551.24, 0.0608486
1551.23, 0.0444213
1551.22, 0.0279744
1551.21, 0.0115153
1551.21, -0.0049489
1551.2, -0.0214109
1551.19, -0.0378635
1551.18, -0.0542995
1551.17, -0.0707117
1551.17, -0.0870927
1551.16, -0.103436
1551.15, -0.119733
1551.14, -0.135978
1551.13, -0.152163
1551.13, -0.168281
1551.12, -0.184325
1551.11, -0.200289
1551.1, -0.216164
1551.09, -0.231945
1551.09, -0.247623
1551.08, -0.263193
1551.07, -0.278647
1551.06, -0.293979
1551.05, -0.309182
1551.05, -0.324248
1551.04, -0.339173
1551.03, -0.353948
1551.02, -0.368568
1551.01, -0.383026
1551.01, -0.397316
1551, -0.411432
1550.99, -0.425366
1550.98, -0.439114
1550.97, -0.452669
1550.97, -0.466025
1550.96, -0.479176
1550.95, -0.492117
1550.94, -0.504842
1550.93, -0.517345
1550.93, -0.529621
1550.92, -0.541664
1550.91, -0.553469
1550.9, -0.565031
1550.89, -0.576345
1550.89, -0.587406
1550.88, -0.598209
1550.87, -0.608749
1550.86, -0.619021
1550.85, -0.629022
1550.85, -0.638746
1550.84, -0.64819
1550.83, -0.657349
1550.82, -0.66622
1550.81, -0.674798
1550.81, -0.683079
1550.8, -0.69106
1550.79, -0.698738
1550.78, -0.706109
1550.77, -0.71317
1550.77, -0.719917
1550.76, -0.726348
1550.75, -0.732461
1550.74, -0.738251
1550.73, -0.743717
1550.73, -0.748857
1550.72, -0.753668
1550.71, -0.758147
1550.7, -0.762294
1550.69, -0.766106
1550.69, -0.769581
1550.68, -0.772718
1550.67, -0.775516
1550.66, -0.777973
1550.65, -0.780088
1550.65, -0.781861
1550.64, -0.783291
1550.63, -0.784376
1550.62, -0.785117
1550.61, -0.785513
1550.61, -0.785564
1550.6, -0.785269
1550.59, -0.78463
1550.58, -0.783647
1550.57, -0.782319
1550.57, -0.780647
1550.56, -0.778633
1550.55, -0.776276
1550.54, -0.773579
1550.53, -0.770542
1550.52, -0.767166
1550.52, -0.763453
1550.51, -0.759405
1550.5, -0.755024
1550.49, -0.750311
1550.48, -0.745268
1550.48, -0.739898
1550.47, -0.734203
1550.46, -0.728185
1550.45, -0.721848
1550.44, -0.715193
1550.44, -0.708225
1550.43, -0.700945
1550.42, -0.693358
1550.41, -0.685465
1550.4, -0.677272
1550.4, -0.668781
1550.39, -0.659997
1550.38, -0.650923
1550.37, -0.641562
1550.36, -0.63192
1550.36, -0.622001
1550.35, -0.611808
1550.34, -0.601346
1550.33, -0.590621
1550.32, -0.579635
1550.32, -0.568396
1550.31, -0.556906
1550.3, -0.545172
1550.29, -0.533199
1550.28, -0.520991
1550.28, -0.508555
1550.27, -0.495895
1550.26, -0.483017
1550.25, -0.469927
1550.24, -0.456631
1550.24, -0.443134
1550.23, -0.429442
1550.22, -0.415562
1550.21, -0.4015
1550.2, -0.387261
1550.2, -0.372852
1550.19, -0.358279
1550.18, -0.343548
1550.17, -0.328667
1550.16, -0.313642
1550.16, -0.298478
1550.15, -0.283184
1550.14, -0.267765
1550.13, -0.252229
1550.12, -0.236582
1550.12, -0.220831
1550.11, -0.204983
1550.1, -0.189044
1550.09, -0.173023
1550.08, -0.156926
1550.08, -0.14076
1550.07, -0.124532
1550.06, -0.108249
1550.05, -0.0919193
1550.04, -0.0755488
1550.04, -0.0591451
1550.03, -0.0427154
1550.02, -0.0262669
1550.01, -0.00980691
1550, 0.0066574
1550, 0.0231188
1549.99, 0.03957
1549.98, 0.0560039
1549.97, 0.0724131
1549.96, 0.0887906
1549.96, 0.105129
1549.95, 0.121421
1549.94, 0.13766
1549.93, 0.153839
1549.92, 0.16995
1549.92, 0.185986
1549.91, 0.20194
1549.9, 0.217806
1549.89, 0.233576
1549.88, 0.249244
1549.88, 0.264802
1549.87, 0.280244
1549.86, 0.295563
1549.85, 0.310751
1549.84, 0.325804
1549.84, 0.340713
1549.83, 0.355473
1549.82, 0.370076
1549.81, 0.384517
1549.8, 0.398789
1549.8, 0.412886
1549.79, 0.426802
1549.78, 0.44053
1549.77, 0.454064
1549.76, 0.467399
1549.76, 0.480529
1549.75, 0.493448
1549.74, 0.50615
1549.73, 0.51863
1549.72, 0.530881
1549.72, 0.5429
1549.71, 0.55468
1549.7, 0.566217
1549.69, 0.577505
1549.68, 0.588539
1549.68, 0.599315
1549.67, 0.609827
1549.66, 0.620072
1549.65, 0.630044
1549.64, 0.63974
1549.64, 0.649154
1549.63, 0.658283
1549.62, 0.667124
1549.61, 0.675671
1549.6, 0.683921
1549.6, 0.691871
1549.59, 0.699517
1549.58, 0.706856
1549.57, 0.713885
1549.56, 0.720599
1549.56, 0.726998
1549.55, 0.733077
1549.54, 0.738834
1549.53, 0.744266
1549.52, 0.749372
1549.52, 0.754148
1549.51, 0.758593
1549.5, 0.762705
1549.49, 0.766482
1549.48, 0.769922
1549.48, 0.773024
1549.47, 0.775787
1549.46, 0.778208
1549.45, 0.780288
1549.44, 0.782026
1549.44, 0.783419
1549.43, 0.784469
1549.42, 0.785174
1549.41, 0.785534
1549.4, 0.785549
1549.4, 0.785219
1549.39, 0.784544
1549.38, 0.783525
1549.37, 0.782161
1549.36, 0.780454
1549.36, 0.778404
1549.35, 0.776012
1549.34, 0.773279
1549.33, 0.770207
1549.32, 0.766796


